[[[5.9500000e+04 5.9600000e+04 5.8900000e+04 5.9000000e+04 1.4300928e+07 8.4649800e+05]]

 [[4.8900000e+04 4.9100000e+04 4.8650000e+04 4.8850000e+04 6.2060350e+06 3.0332600e+05]]

 [[4.6550000e+04 4.6800000e+04 4.5500000e+04 4.5550000e+04 8.5609240e+06 3.9389300e+05]]

 [[4.3950000e+04 4.4600000e+04 4.3550000e+04 4.4450000e+04 8.4342050e+06 3.7209200e+05]]

 [[4.7000000e+04 4.7250000e+04 4.6200000e+04 4.7250000e+04 1.0298006e+07 4.8175900e+05]]

 [[5.8300000e+04 5.9000000e+04 5.8200000e+04 5.8200000e+04 1.5503563e+07 9.0622700e+05]]

 [[5.0300000e+04 5.0400000e+04 4.9850000e+04 4.9950000e+04 1.4949266e+07 7.4834300e+05]]

 [[4.4600000e+04 4.6250000e+04 4.4050000e+04 4.5850000e+04 2.1138016e+07 9.6629600e+05]]

 [[5.8000000e+04 5.9500000e+04 5.7800000e+04 5.8200000e+04 2.4907912e+07 1.4621070e+06]]

 [[5.8900000e+04 5.9000000e+04 5.7800000e+04 5.8500000e+04 2.1718560e+07 1.2690550e+06]]

 [[4.5200000e+04 4.5800000e+04 4.5200000e+04 4.5500000e+04 6.0850660e+06 2.7688200e+05]]

 [[4.5950000e+04 4.6650000e+04 4.5750000e+04 4.6450000e+04 4.7172260e+06 2.1826300e+05]]

 [[4.3400000e+04 4.4950000e+04 4.3400000e+04 4.4450000e+04 1.1049749e+07 4.9012200e+05]]

 [[5.4800000e+04 5.4800000e+04 5.3800000e+04 5.3800000e+04 1.6779128e+07 9.0909500e+05]]

 [[4.1650000e+04 4.2100000e+04 4.1550000e+04 4.2000000e+04 1.5752397e+07 6.5981000e+05]]

 [[5.9500000e+04 5.9600000e+04 5.7700000e+04 5.7900000e+04 2.1943344e+07 1.2829320e+06]]

 [[4.9700000e+04 4.9800000e+04 4.9250000e+04 4.9400000e+04 1.2110569e+07 5.9892900e+05]]

 [[4.9250000e+04 4.9300000e+04 4.9000000e+04 4.9300000e+04 7.5685530e+06 3.7222300e+05]]

 [[5.1100000e+04 5.1400000e+04 5.0400000e+04 5.1300000e+04 9.1441000e+06 4.6552500e+05]]

 [[4.6350000e+04 4.6600000e+04 4.5950000e+04 4.6150000e+04 8.2613630e+06 3.8183200e+05]]

 [[4.8000000e+04 4.8500000e+04 4.7150000e+04 4.7750000e+04 3.0654260e+07 1.4673230e+06]]

 [[5.4800000e+04 5.7600000e+04 5.4600000e+04 5.7400000e+04 2.4765728e+07 1.4054950e+06]]

 [[4.5700000e+04 4.5700000e+04 4.4650000e+04 4.4800000e+04 1.2689196e+07 5.7101100e+05]]

 [[5.2000000e+04 5.2000000e+04 5.1100000e+04 5.1400000e+04 8.2892750e+06 4.2626400e+05]]

 [[5.9600000e+04 6.0200000e+04 5.9500000e+04 6.0000000e+04 1.4474985e+07 8.6744600e+05]]

 [[5.2100000e+04 5.2800000e+04 5.1500000e+04 5.2300000e+04 2.6976020e+07 1.4103110e+06]]

 [[5.9000000e+04 6.0300000e+04 5.8800000e+04 6.0300000e+04 2.0639476e+07 1.2326540e+06]]

 [[4.9400000e+04 4.9600000e+04 4.9100000e+04 4.9200000e+04 1.5460210e+07 7.6318700e+05]]

 [[4.9600000e+04 4.9700000e+04 4.6850000e+04 4.8300000e+04 3.9896176e+07 1.9314060e+06]]

 [[4.3600000e+04 4.4500000e+04 4.3400000e+04 4.4000000e+04 1.1553998e+07 5.0890900e+05]]

 [[4.4750000e+04 4.4800000e+04 4.4350000e+04 4.4400000e+04 7.8238430e+06 3.4837300e+05]]

 [[4.6150000e+04 4.6350000e+04 4.5950000e+04 4.6050000e+04 5.2166020e+06 2.4049800e+05]]

 [[4.3800000e+04 4.4200000e+04 4.3100000e+04 4.4050000e+04 9.8462420e+06 4.2948600e+05]]

 [[4.5750000e+04 4.6350000e+04 4.5200000e+04 4.5400000e+04 9.6693680e+06 4.4106500e+05]]

 [[5.4500000e+04 5.5100000e+04 5.3200000e+04 5.4300000e+04 3.3815124e+07 1.8322740e+06]]

 [[5.6100000e+04 5.6500000e+04 5.5600000e+04 5.6000000e+04 1.2095519e+07 6.7752100e+05]]

 [[4.9200000e+04 4.9350000e+04 4.8800000e+04 4.8900000e+04 9.1871410e+06 4.5071100e+05]]

 [[4.0850000e+04 4.1950000e+04 4.0550000e+04 4.1400000e+04 1.4460521e+07 5.9788600e+05]]

 [[5.1000000e+04 5.1400000e+04 5.0300000e+04 5.0400000e+04 1.0304777e+07 5.2516600e+05]]

 [[4.6700000e+04 4.6800000e+04 4.6150000e+04 4.6250000e+04 1.3697399e+07 6.3475200e+05]]

 [[5.0700000e+04 5.0800000e+04 5.0200000e+04 5.0400000e+04 8.9594350e+06 4.5202000e+05]]

 [[4.6950000e+04 4.7550000e+04 4.6600000e+04 4.6850000e+04 8.5463390e+06 4.0164400e+05]]

 [[5.7300000e+04 5.7500000e+04 5.6300000e+04 5.6900000e+04 1.7739706e+07 1.0078270e+06]]

 [[4.6300000e+04 4.6750000e+04 4.5900000e+04 4.6700000e+04 9.0581740e+06 4.2126700e+05]]

 [[6.0500000e+04 6.0500000e+04 5.9500000e+04 6.0200000e+04 1.9073552e+07 1.1442310e+06]]

 [[4.4300000e+04 4.4850000e+04 4.4200000e+04 4.4250000e+04 1.0398754e+07 4.6208700e+05]]

 [[4.3900000e+04 4.4500000e+04 4.3400000e+04 4.4500000e+04 9.3111260e+06 4.1032700e+05]]

 [[4.4100000e+04 4.4400000e+04 4.3750000e+04 4.4150000e+04 5.7583330e+06 2.5405200e+05]]

 [[4.9650000e+04 5.0200000e+04 4.9100000e+04 5.0000000e+04 9.0209980e+06 4.4924500e+05]]

 [[5.1800000e+04 5.1800000e+04 5.0500000e+04 5.0600000e+04 1.3590016e+07 6.9291600e+05]]

 [[4.4500000e+04 4.5200000e+04 4.4400000e+04 4.4900000e+04 1.8285508e+07 8.1921600e+05]]

 [[3.8200000e+04 3.8650000e+04 3.8100000e+04 3.8650000e+04 1.4947080e+07 5.7518900e+05]]

 [[4.6800000e+04 4.7100000e+04 4.6200000e+04 4.6200000e+04 1.5872001e+07 7.3920700e+05]]

 [[3.8400000e+04 3.8750000e+04 3.8300000e+04 3.8350000e+04 1.2707675e+07 4.8854600e+05]]

 [[4.4950000e+04 4.5100000e+04 4.4650000e+04 4.5050000e+04 9.8038310e+06 4.4007500e+05]]

 [[5.1000000e+04 5.1500000e+04 5.0800000e+04 5.1400000e+04 1.4247933e+07 7.3012400e+05]]

 [[4.5450000e+04 4.5450000e+04 4.5000000e+04 4.5350000e+04 1.0417690e+07 4.7140800e+05]]

 [[5.0800000e+04 5.1200000e+04 5.0700000e+04 5.1100000e+04 9.7671710e+06 4.9809400e+05]]

 [[5.9100000e+04 6.0000000e+04 5.9000000e+04 5.9200000e+04 1.5140387e+07 9.0130800e+05]]

 [[4.9750000e+04 5.0300000e+04 4.9350000e+04 4.9900000e+04 1.0571312e+07 5.2674000e+05]]

 [[4.6400000e+04 4.6650000e+04 4.2300000e+04 4.2950000e+04 5.6925512e+07 2.5029390e+06]]

 [[4.6500000e+04 4.6850000e+04 4.5850000e+04 4.6200000e+04 8.1837280e+06 3.7938600e+05]]

 [[5.2500000e+04 5.2500000e+04 5.0500000e+04 5.0700000e+04 2.1185784e+07 1.0774170e+06]]

 [[4.6200000e+04 4.6400000e+04 4.5800000e+04 4.6100000e+04 9.0405530e+06 4.1631800e+05]]

 [[5.6400000e+04 5.7500000e+04 5.6000000e+04 5.7400000e+04 2.0489076e+07 1.1652730e+06]]

 [[4.6200000e+04 4.6600000e+04 4.5000000e+04 4.5350000e+04 1.2872916e+07 5.8738700e+05]]

 [[6.1800000e+04 6.1800000e+04 6.0700000e+04 6.0800000e+04 1.4916555e+07 9.1231900e+05]]

 [[5.2200000e+04 5.2600000e+04 5.1700000e+04 5.1800000e+04 9.0506250e+06 4.7217600e+05]]

 [[4.2150000e+04 4.2800000e+04 4.2100000e+04 4.2600000e+04 6.6130090e+06 2.8129300e+05]]

 [[5.7100000e+04 5.8400000e+04 5.7100000e+04 5.8000000e+04 2.1625874e+07 1.2508140e+06]]

 [[4.6800000e+04 4.6950000e+04 4.6300000e+04 4.6550000e+04 7.3659760e+06 3.4332300e+05]]

 [[4.3700000e+04 4.4300000e+04 4.3550000e+04 4.3850000e+04 1.8039160e+07 7.8995100e+05]]

 [[4.4000000e+04 4.4000000e+04 4.3550000e+04 4.3700000e+04 8.4661690e+06 3.7053100e+05]]

 [[4.3500000e+04 4.4200000e+04 4.3500000e+04 4.3850000e+04 7.2891240e+06 3.1918000e+05]]

 [[4.5850000e+04 4.5900000e+04 4.5450000e+04 4.5750000e+04 8.2749440e+06 3.7764000e+05]]

 [[4.3250000e+04 4.3500000e+04 4.2650000e+04 4.2650000e+04 1.6926880e+07 7.2807400e+05]]

 [[4.2700000e+04 4.3050000e+04 4.2550000e+04 4.2550000e+04 7.6701850e+06 3.2797400e+05]]

 [[4.3750000e+04 4.4050000e+04 4.3400000e+04 4.3900000e+04 1.1890424e+07 5.2151400e+05]]

 [[4.0600000e+04 4.0700000e+04 4.0200000e+04 4.0250000e+04 1.0638766e+07 4.2905400e+05]]

 [[4.5500000e+04 4.6100000e+04 4.5200000e+04 4.5600000e+04 1.1602464e+07 5.2909200e+05]]

 [[5.3000000e+04 5.3300000e+04 5.2700000e+04 5.3300000e+04 2.9178696e+07 1.5517140e+06]]

 [[4.0900000e+04 4.1400000e+04 4.0850000e+04 4.0950000e+04 1.1433083e+07 4.6983600e+05]]

 [[3.7450000e+04 3.7600000e+04 3.6850000e+04 3.7450000e+04 1.4108958e+07 5.2540300e+05]]

 [[5.9400000e+04 5.9900000e+04 5.8700000e+04 5.9000000e+04 1.4463826e+07 8.5699600e+05]]

 [[4.5000000e+04 4.5500000e+04 4.4600000e+04 4.5050000e+04 1.7998914e+07 8.1216600e+05]]

 [[4.7750000e+04 4.8100000e+04 4.7650000e+04 4.8000000e+04 1.9305974e+07 9.2404400e+05]]

 [[4.3550000e+04 4.3650000e+04 4.3100000e+04 4.3250000e+04 9.7749410e+06 4.2335000e+05]]

 [[5.6400000e+04 5.6500000e+04 5.4700000e+04 5.4900000e+04 2.5634964e+07 1.4188310e+06]]

 [[4.7150000e+04 4.7200000e+04 4.6600000e+04 4.7200000e+04 8.4088380e+06 3.9553300e+05]]

 [[5.3900000e+04 5.3900000e+04 5.2800000e+04 5.2800000e+04 2.1157172e+07 1.1294310e+06]]

 [[4.4850000e+04 4.5500000e+04 4.4850000e+04 4.5500000e+04 7.1477850e+06 3.2365600e+05]]

 [[4.2600000e+04 4.3550000e+04 4.2400000e+04 4.2500000e+04 4.1701624e+07 1.7896720e+06]]

 [[4.5900000e+04 4.7300000e+04 4.5900000e+04 4.7000000e+04 1.1223166e+07 5.2339600e+05]]

 [[4.7350000e+04 4.7450000e+04 4.6500000e+04 4.6750000e+04 7.9855470e+06 3.7467500e+05]]

 [[4.3450000e+04 4.3950000e+04 4.3200000e+04 4.3550000e+04 8.3576480e+06 3.6404800e+05]]

 [[4.5200000e+04 4.5450000e+04 4.4850000e+04 4.5050000e+04 7.3621290e+06 3.3230000e+05]]

 [[4.2000000e+04 4.2650000e+04 4.2000000e+04 4.2450000e+04 5.9707960e+06 2.5302600e+05]]

 [[4.5750000e+04 4.6450000e+04 4.5750000e+04 4.6150000e+04 1.0959655e+07 5.0568800e+05]]

 [[4.6550000e+04 4.7550000e+04 4.6550000e+04 4.7400000e+04 1.4476906e+07 6.8217700e+05]]

 [[4.6000000e+04 4.6100000e+04 4.4800000e+04 4.4850000e+04 1.2926539e+07 5.8569200e+05]]

 [[4.6450000e+04 4.6850000e+04 4.6300000e+04 4.6850000e+04 7.4078240e+06 3.4595800e+05]]

 [[4.6750000e+04 4.7100000e+04 4.6500000e+04 4.6900000e+04 1.1506720e+07 5.3884700e+05]]

 [[5.8400000e+04 5.8600000e+04 5.7400000e+04 5.8600000e+04 2.4102580e+07 1.4029970e+06]]

 [[4.2000000e+04 4.2400000e+04 4.1950000e+04 4.2300000e+04 1.1029256e+07 4.6577900e+05]]

 [[4.6200000e+04 4.6450000e+04 4.6000000e+04 4.6250000e+04 8.0336070e+06 3.7144200e+05]]

 [[4.7100000e+04 4.7200000e+04 4.6150000e+04 4.6500000e+04 1.0823782e+07 5.0302700e+05]]

 [[4.6650000e+04 4.7050000e+04 4.6150000e+04 4.6150000e+04 2.1621144e+07 1.0074180e+06]]

 [[5.1800000e+04 5.2300000e+04 5.1600000e+04 5.2200000e+04 7.5462610e+06 3.9269200e+05]]

 [[5.6400000e+04 5.6800000e+04 5.6100000e+04 5.6400000e+04 1.4021705e+07 7.9096800e+05]]

 [[4.8000000e+04 4.8700000e+04 4.8000000e+04 4.8400000e+04 8.0480410e+06 3.8908200e+05]]

 [[4.3700000e+04 4.4900000e+04 4.3700000e+04 4.4800000e+04 9.5202700e+06 4.2368300e+05]]

 [[6.1000000e+04 6.1400000e+04 6.0400000e+04 6.0900000e+04 1.9247632e+07 1.1713630e+06]]

 [[4.9900000e+04 5.0200000e+04 4.9900000e+04 5.0100000e+04 6.0581050e+06 3.0343200e+05]]

 [[3.8300000e+04 3.8550000e+04 3.7450000e+04 3.7600000e+04 1.2471493e+07 4.7296700e+05]]

 [[4.0450000e+04 4.0700000e+04 3.9850000e+04 4.0050000e+04 1.1984996e+07 4.8195900e+05]]

 [[5.0300000e+04 5.0900000e+04 4.9650000e+04 4.9900000e+04 8.4831060e+06 4.2694800e+05]]

 [[5.7700000e+04 5.8200000e+04 5.7700000e+04 5.7900000e+04 1.1444683e+07 6.6284500e+05]]

 [[4.5150000e+04 4.5600000e+04 4.4700000e+04 4.4700000e+04 1.1865327e+07 5.3301800e+05]]

 [[5.1200000e+04 5.2100000e+04 5.0600000e+04 5.2100000e+04 2.1808376e+07 1.1248790e+06]]

 [[4.7050000e+04 4.7200000e+04 4.6600000e+04 4.6900000e+04 9.8801280e+06 4.6408900e+05]]

 [[6.0900000e+04 6.1000000e+04 6.0500000e+04 6.1000000e+04 1.7877076e+07 1.0866980e+06]]

 [[4.5800000e+04 4.6500000e+04 4.5750000e+04 4.6500000e+04 1.1543389e+07 5.3340200e+05]]

 [[5.9900000e+04 6.0000000e+04 5.9100000e+04 5.9200000e+04 2.9923292e+07 1.7813280e+06]]

 [[4.6200000e+04 4.6550000e+04 4.6100000e+04 4.6300000e+04 1.0528665e+07 4.8799100e+05]]

 [[4.7200000e+04 4.7250000e+04 4.5500000e+04 4.5600000e+04 1.2808747e+07 5.8935200e+05]]]